2086.92153 14.502 0.006
2104.85361 14.517 0.006
2106.91348 14.512 0.006
2113.83393 14.519 0.006
2114.84820 14.505 0.006
2115.90842 14.512 0.006
2116.89452 14.515 0.006
2117.90023 14.526 0.006
2123.84320 14.518 0.006
2128.84777 14.523 0.006
2129.87992 14.522 0.006
2130.82878 14.524 0.006
2131.82228 14.514 0.006
2132.82847 14.524 0.006
2133.91705 14.521 0.006
2134.83340 14.517 0.006
2135.86858 14.519 0.006
2136.86775 14.513 0.006
2137.91239 14.518 0.006
2140.83763 14.514 0.006
2142.88455 14.501 0.006
2143.83858 14.509 0.006
2144.81010 14.499 0.006
2155.90109 14.473 0.006
2156.84762 14.471 0.006
2162.78389 14.455 0.006
2166.77868 14.464 0.006
2167.74947 14.465 0.006
2168.73598 14.466 0.006
2171.76202 14.464 0.006
2172.76860 14.461 0.006
2173.73069 14.465 0.006
2177.66232 14.467 0.006
2184.72372 14.473 0.006
2185.68718 14.472 0.006
2187.66977 14.467 0.006
2190.71373 14.466 0.006
2191.65554 14.452 0.006
2192.68396 14.454 0.006
2193.70496 14.461 0.006
2194.67620 14.453 0.006
2200.68718 14.469 0.006
2201.74231 14.472 0.006
2206.62815 14.477 0.006
2211.66680 14.484 0.006
2212.66586 14.489 0.006
2213.67685 14.491 0.006
2214.66322 14.494 0.006
2215.67850 14.502 0.006
2217.65616 14.500 0.006
2219.69933 14.509 0.006
2222.74855 14.516 0.006
2223.68828 14.517 0.006
2225.61782 14.528 0.006
2226.66414 14.528 0.006
2228.57957 14.526 0.006
2230.51686 14.511 0.006
2232.53064 14.531 0.006
2234.57271 14.528 0.006
2236.56221 14.521 0.006
2238.56759 14.521 0.006
2241.55440 14.512 0.006
2243.59267 14.511 0.006
2248.63710 14.488 0.006
2250.61151 14.490 0.006
2253.59101 14.470 0.006
2256.57329 14.461 0.006
2258.61374 14.458 0.006
2263.60502 14.468 0.006
2265.63101 14.467 0.006
2270.58923 14.478 0.006
2272.58728 14.479 0.006
2274.57113 14.494 0.006
2276.53865 14.494 0.006
2280.55122 14.511 0.006
2285.58971 14.533 0.006
2289.58665 14.545 0.006
2291.58735 14.544 0.006
2293.58791 14.546 0.006
2295.58425 14.543 0.006
2297.58741 14.542 0.006
2299.58389 14.534 0.006
2301.57657 14.525 0.006
2460.90851 14.458 0.006
2463.93761 14.463 0.006
2466.85945 14.471 0.006
2467.92334 14.479 0.006
2469.92262 14.470 0.006
2471.91215 14.478 0.006
2472.90223 14.470 0.006
2473.92843 14.473 0.006
2481.88768 14.475 0.006
2483.91131 14.472 0.006
2486.91145 14.476 0.006
2488.91341 14.484 0.006
2492.92571 14.485 0.006
2496.92549 14.481 0.006
2498.79675 14.496 0.006
2499.88173 14.492 0.006
2500.89014 14.492 0.006
2501.87689 14.496 0.006
2502.85706 14.497 0.006
2508.76765 14.517 0.006
2516.79912 14.537 0.006
2517.84587 14.546 0.006
2518.81819 14.542 0.006
2519.81645 14.538 0.006
2520.81462 14.541 0.006
2521.80778 14.552 0.006
2524.80631 14.551 0.006
2526.80011 14.554 0.006
2529.79635 14.559 0.006
2534.85695 14.562 0.006
2535.79458 14.553 0.006
2537.72465 14.554 0.006
2538.82549 14.558 0.006
2539.72265 14.554 0.006
2540.76541 14.541 0.006
2541.73454 14.536 0.006
2542.70435 14.536 0.006
2544.68455 14.527 0.006
2545.69781 14.525 0.006
2547.71580 14.521 0.006
2548.73404 14.510 0.006
2550.72932 14.498 0.006
2551.71584 14.493 0.006
2552.73183 14.485 0.006
2553.67260 14.489 0.006
2554.72497 14.480 0.006
2555.73288 14.477 0.006
2556.71196 14.472 0.006
2557.72450 14.466 0.006
2558.68095 14.468 0.006
2559.63798 14.463 0.006
2560.67095 14.458 0.006
2561.71657 14.459 0.006
2562.68930 14.449 0.006
2563.69722 14.451 0.006
2564.71362 14.448 0.006
2565.70935 14.446 0.006
2566.68429 14.441 0.006
2568.75335 14.443 0.006
2571.67013 14.442 0.006
2574.66321 14.444 0.006
2576.69796 14.437 0.006
2577.66299 14.444 0.006
2578.65052 14.449 0.006
2579.66106 14.447 0.006
2580.66917 14.447 0.006
2583.64121 14.465 0.006
2584.64769 14.459 0.006
2586.66313 14.469 0.006
2587.63100 14.472 0.006
2589.62189 14.479 0.006
2590.63867 14.483 0.006
2591.66483 14.485 0.006
2593.62810 14.490 0.006
2594.63411 14.494 0.006
2596.60776 14.503 0.006
2597.59493 14.509 0.006
2598.67513 14.512 0.006
2599.62921 14.518 0.006
2607.64930 14.552 0.006
2610.57065 14.557 0.006
2613.56455 14.559 0.006
2615.59498 14.556 0.006
2619.57948 14.561 0.006
2621.58853 14.559 0.006
2625.57120 14.554 0.006
2627.54189 14.542 0.006
2630.55615 14.526 0.006
2635.56986 14.496 0.006
2637.56475 14.500 0.006
2640.53508 14.481 0.006
2642.57483 14.485 0.006
2646.58618 14.482 0.006
2651.56047 14.486 0.006
2654.58456 14.482 0.006
2657.54036 14.486 0.006
2661.53687 14.477 0.006
2664.57735 14.477 0.006
2667.53616 14.477 0.006
2672.55530 14.455 0.006
2676.54550 14.448 0.006
2679.56021 14.449 0.006
2683.53877 14.441 0.006
2777.92553 14.427 0.006
2804.85406 14.405 0.006
2805.87134 14.404 0.006
2811.92647 14.422 0.006
2815.90009 14.441 0.006
2817.94873 14.451 0.006
2825.93196 14.469 0.006
2830.83926 14.471 0.006
2831.80886 14.466 0.006
2832.76957 14.464 0.006
2832.94747 14.458 0.006
2833.88741 14.464 0.006
2834.93806 14.463 0.006
2838.83943 14.455 0.006
2840.84711 14.451 0.006
2843.84842 14.440 0.006
2844.89415 14.439 0.006
2845.94117 14.439 0.006
2849.87768 14.423 0.006
2850.91043 14.420 0.006
2852.83903 14.423 0.006
2854.85034 14.423 0.006
2857.85776 14.421 0.006
2858.93138 14.412 0.006
2860.89731 14.421 0.006
2861.76875 14.423 0.006
2862.89217 14.424 0.006
2863.85684 14.422 0.006
2865.81655 14.434 0.006
2867.80597 14.436 0.006
2868.80956 14.445 0.006
2869.79609 14.447 0.006
2870.83760 14.453 0.006
2871.88072 14.457 0.006
2872.83755 14.456 0.006
2875.82839 14.472 0.006
2876.79780 14.474 0.006
2879.72431 14.481 0.006
2883.84753 14.485 0.006
2885.78286 14.483 0.006
2890.71377 14.473 0.006
2893.76519 14.460 0.006
2895.81442 14.455 0.006
2897.71794 14.457 0.006
2899.75560 14.453 0.006
2903.77136 14.454 0.006
2906.72361 14.462 0.006
2908.70062 14.464 0.006
2910.69548 14.469 0.006
2912.70084 14.473 0.006
2916.71358 14.490 0.006
2918.69046 14.492 0.006
2922.69044 14.507 0.006
2924.63142 14.505 0.006
2926.62544 14.518 0.006
2929.68661 14.520 0.006
2931.66256 14.536 0.006
2933.67302 14.535 0.006
2935.63736 14.549 0.006
2937.66296 14.547 0.006
2939.67843 14.570 0.006
2940.65556 14.573 0.006
2941.63083 14.576 0.006
2942.65562 14.575 0.006
2943.62697 14.588 0.006
2944.61135 14.581 0.006
2946.60608 14.600 0.006
2947.63769 14.593 0.006
2949.61876 14.596 0.006
2950.57032 14.607 0.006
2951.65088 14.600 0.006
2953.59882 14.595 0.006
2955.58392 14.610 0.006
2957.59754 14.608 0.006
2960.61667 14.623 0.006
2962.65182 14.618 0.006
2965.65449 14.624 0.006
2968.61683 14.629 0.006
2970.63565 14.632 0.006
2972.64021 14.646 0.006
2975.54830 14.628 0.006
2977.64410 14.637 0.006
2979.58399 14.636 0.006
2981.63128 14.631 0.007
2983.56480 14.621 0.006
2986.58140 14.611 0.006
2988.55338 14.609 0.006
2991.57953 14.592 0.006
2994.56595 14.567 0.006
2997.58066 14.551 0.006
3000.57236 14.532 0.006
3003.55468 14.523 0.006
3006.54197 14.511 0.006
3009.53724 14.504 0.006
3013.53965 14.509 0.006
3015.57491 14.503 0.006
3018.55200 14.493 0.006
3020.58772 14.505 0.006
3024.54039 14.495 0.006
3025.60001 14.493 0.006
3027.62550 14.488 0.006
3029.59718 14.496 0.006
3031.60201 14.487 0.006
3034.53225 14.487 0.006
3037.55144 14.489 0.006
3183.93344 14.459 0.006
3193.90132 14.462 0.006
3196.87341 14.459 0.006
3197.93581 14.461 0.006
3199.93449 14.468 0.006
3202.86127 14.455 0.006
3203.90135 14.466 0.006
3204.94686 14.451 0.006
3206.83917 14.453 0.006
3210.91514 14.455 0.006
3211.86974 14.459 0.006
3215.80488 14.463 0.006
3216.75078 14.451 0.006
3217.80073 14.457 0.006
3223.85690 14.448 0.006
3228.77557 14.448 0.006
3229.85740 14.443 0.006
3231.83890 14.438 0.006
3238.77575 14.432 0.006
3239.81930 14.423 0.006
3240.81200 14.424 0.006
3241.79549 14.414 0.006
3242.73945 14.412 0.006
3243.87206 14.410 0.006
3244.85067 14.416 0.006
3245.79842 14.394 0.006
3246.79117 14.385 0.006
3247.79953 14.386 0.006
3249.74984 14.373 0.006
3251.76341 14.378 0.006
3254.75108 14.385 0.006
3257.77540 14.370 0.006
3259.68813 14.382 0.006
3261.72417 14.385 0.006
3263.72140 14.400 0.006
3265.74273 14.403 0.006
3267.72949 14.408 0.006
3270.68294 14.421 0.006
3271.68586 14.436 0.006
3273.64418 14.430 0.006
3275.63007 14.445 0.006
3276.73343 14.448 0.006
3277.77208 14.455 0.006
3279.70370 14.460 0.006
3281.66225 14.458 0.006
3283.66393 14.466 0.006
3287.63009 14.461 0.006
3289.64504 14.465 0.006
3291.57800 14.456 0.006
3295.63653 14.453 0.006
3298.57442 14.456 0.006
3300.57673 14.450 0.006
3302.55371 14.455 0.006
3305.65373 14.443 0.006
3307.56602 14.437 0.006
3309.59110 14.440 0.006
3311.54272 14.439 0.006
3314.58567 14.439 0.006
3320.62349 14.427 0.006
3323.57092 14.426 0.006
3327.57844 14.425 0.006
3330.57393 14.425 0.006
3335.61794 14.445 0.006
3338.56361 14.449 0.006
3350.53794 14.496 0.006
3353.59651 14.494 0.006
3359.57838 14.517 0.006
3363.58049 14.531 0.006
3367.64009 14.536 0.006
3372.57356 14.545 0.006
3376.54970 14.552 0.006
3380.53613 14.563 0.006
3386.58308 14.551 0.006
3395.53091 14.564 0.006
3398.57862 14.561 0.006
3402.57585 14.568 0.006
3543.88948 14.510 0.006
3551.91296 14.511 0.006
3554.94420 14.494 0.006
3561.95140 14.477 0.006
3564.92910 14.461 0.006
3568.87470 14.454 0.006
3570.83573 14.447 0.006
3571.82667 14.441 0.006
3573.87237 14.432 0.006
3575.82813 14.426 0.006
3577.88450 14.420 0.006
3578.92054 14.417 0.006
3579.82559 14.423 0.006
3581.89467 14.419 0.006
3582.85097 14.414 0.006
3583.86119 14.422 0.006
3585.88230 14.424 0.006
3586.83446 14.418 0.006
3588.85274 14.422 0.006
3590.80879 14.419 0.006
3592.77354 14.422 0.006
3594.81303 14.412 0.006
3597.85295 14.415 0.006
3600.88915 14.412 0.006
3602.75000 14.416 0.006
3607.84113 14.429 0.006
3614.81334 14.447 0.006
3617.79714 14.446 0.006
3619.77522 14.450 0.006
3621.76772 14.457 0.006
3628.79458 14.471 0.006
3630.64647 14.475 0.006
3632.64381 14.473 0.006
3634.71671 14.473 0.006
3637.67552 14.464 0.006
3639.72545 14.459 0.006
3641.72221 14.458 0.006
3643.82063 14.461 0.006
3644.76131 14.455 0.006
3646.69235 14.454 0.006
3650.71358 14.460 0.006
3652.64871 14.443 0.006
3654.62702 14.447 0.006
3656.65072 14.443 0.006
3657.70841 14.442 0.006
3658.68572 14.445 0.006
3659.66604 14.442 0.006
3661.61473 14.450 0.006
3663.63769 14.452 0.006
3665.67000 14.464 0.006
3668.61917 14.465 0.006
3670.56986 14.466 0.006
3672.60931 14.468 0.006
3674.66816 14.463 0.006
3676.60857 14.470 0.006
3682.58531 14.463 0.006
3684.57820 14.462 0.006
3686.56809 14.461 0.006
3688.54115 14.460 0.006
3690.54705 14.451 0.006
3692.59962 14.442 0.006
3694.58619 14.439 0.006
3696.58233 14.437 0.006
3698.61606 14.439 0.006
3700.62609 14.413 0.006
3702.61702 14.410 0.006
3704.61753 14.408 0.006
3706.63241 14.404 0.006
3708.61381 14.394 0.006
3712.57033 14.395 0.006
3714.57303 14.405 0.006
3718.55650 14.417 0.006
3721.58868 14.423 0.006
3725.61758 14.435 0.006
3730.54182 14.451 0.006
3734.61251 14.459 0.006
3738.56458 14.468 0.006
3742.56175 14.477 0.006
3747.56253 14.472 0.006
3751.57033 14.470 0.006
3762.54834 14.483 0.006
3766.55357 14.481 0.006
3772.58033 14.474 0.006
3777.52767 14.474 0.006
3871.89974 14.486 0.006
3902.92003 14.490 0.006
3907.91487 14.499 0.006
3913.94042 14.488 0.006
3918.91019 14.490 0.006
3931.94175 14.480 0.006
3934.87970 14.475 0.006
3936.88802 14.477 0.006
3938.87205 14.476 0.006
3945.87897 14.468 0.006
3950.82390 14.460 0.006
3957.77944 14.459 0.006
3959.76889 14.460 0.006
3961.76302 14.450 0.006
3964.77127 14.455 0.006
3966.76352 14.457 0.006
3968.75719 14.454 0.006
3970.74888 14.459 0.006
3973.71818 14.458 0.006
3975.73044 14.452 0.006
3980.66569 14.453 0.006
3981.66545 14.452 0.006
3982.72979 14.455 0.006
3986.70312 14.459 0.006
3991.73234 14.459 0.006
3994.64474 14.461 0.006
3998.67513 14.465 0.006
4001.64593 14.459 0.006
4003.61736 14.462 0.006
4004.69715 14.457 0.006
4005.69130 14.463 0.006
4007.58456 14.467 0.006
4008.59344 14.469 0.006
4011.64394 14.480 0.006
4014.62637 14.485 0.006
4016.62315 14.487 0.006
4018.61955 14.484 0.006
4020.62300 14.482 0.006
4023.60886 14.486 0.006
4025.60923 14.487 0.006
4027.59736 14.496 0.006
4029.57966 14.496 0.006
4031.56675 14.492 0.006
4033.66099 14.496 0.006
4038.55618 14.489 0.006
4042.56434 14.472 0.006
4044.58735 14.473 0.006
4046.62044 14.460 0.006
4049.53237 14.448 0.006
4051.58195 14.448 0.006
4053.62938 14.425 0.006
4055.52203 14.426 0.006
4057.59738 14.407 0.006
4059.59585 14.398 0.006
4063.54088 14.376 0.006
4065.59293 14.374 0.006
4067.58378 14.371 0.006
4069.53666 14.373 0.006
4071.54748 14.369 0.006
4074.54357 14.377 0.006
4077.54530 14.375 0.006
4079.54548 14.390 0.006
4082.54683 14.389 0.006
4085.62418 14.410 0.006
4092.57966 14.423 0.006
4097.62224 14.438 0.006
4100.61370 14.439 0.006
4105.57770 14.451 0.006
4111.61414 14.464 0.006
4115.53361 14.472 0.006
4120.56452 14.459 0.006
4124.58160 14.457 0.006
4128.59999 14.444 0.006
4252.94769 14.468 0.006
4255.86769 14.455 0.006
4268.92644 14.433 0.006
4275.94137 14.442 0.006
4279.83820 14.441 0.006
4282.82960 14.437 0.006
4283.84865 14.435 0.006
4284.87907 14.435 0.006
4285.94449 14.420 0.006
4292.88693 14.428 0.006
4295.88040 14.423 0.006
4296.91088 14.427 0.006
4297.94282 14.423 0.006
4299.87768 14.427 0.006
4300.89942 14.429 0.006
4301.91797 14.429 0.006
4302.93987 14.434 0.006
4306.93658 14.435 0.006
4307.85114 14.431 0.006
4308.67933 14.445 0.006
4308.88727 14.430 0.006
4310.85942 14.430 0.006
4311.85928 14.442 0.006
4312.92146 14.436 0.006
4314.94054 14.437 0.006
4316.84842 14.433 0.006
4320.87573 14.454 0.006
4326.85794 14.475 0.006
4327.83410 14.482 0.006
4328.84984 14.468 0.006
4329.85096 14.484 0.006
4330.88048 14.484 0.006
4332.89669 14.495 0.006
4334.87368 14.493 0.006
4338.92611 14.520 0.006
4340.79695 14.525 0.006
4341.78983 14.539 0.006
4342.86400 14.537 0.006
4343.78338 14.542 0.006
4344.76546 14.550 0.006
4346.72175 14.573 0.006
4348.72754 14.578 0.006
4350.70420 14.584 0.006
4352.80632 14.584 0.006
4353.66233 14.593 0.006
4354.78367 14.586 0.006
4357.76735 14.597 0.006
4359.72131 14.592 0.006
4362.66896 14.589 0.006
4363.62824 14.588 0.006
4365.68662 14.582 0.006
4369.68060 14.576 0.006
4371.66955 14.565 0.006
4376.67301 14.550 0.006
4378.63963 14.521 0.006
4379.67093 14.534 0.006
4381.63008 14.518 0.006
4382.70864 14.509 0.006
4386.68289 14.504 0.006
4388.68361 14.490 0.006
4390.69245 14.490 0.006
4393.68700 14.473 0.006
4396.66156 14.475 0.006
4398.66655 14.481 0.006
4400.69106 14.487 0.006
4404.66806 14.497 0.006
4407.65595 14.501 0.006
4410.68586 14.506 0.006
4415.67219 14.530 0.006
4418.61771 14.542 0.006
4421.67552 14.551 0.006
4423.67997 14.557 0.006
4426.55618 14.550 0.006
4428.57287 14.544 0.006
4430.63309 14.535 0.006
4432.61899 14.530 0.006
4434.62426 14.523 0.006
4436.60056 14.522 0.006
4438.66322 14.510 0.006
4440.59635 14.501 0.006
4442.55787 14.498 0.006
4444.58267 14.497 0.006
4450.61510 14.482 0.006
4452.59264 14.471 0.006
4454.52968 14.483 0.006
4455.60178 14.483 0.006
4457.53731 14.484 0.006
4459.55740 14.488 0.006
4462.58885 14.492 0.006
4466.61300 14.501 0.006
4471.54766 14.496 0.006
4475.54173 14.497 0.006
4480.58275 14.499 0.006
4482.58971 14.509 0.006
4485.59278 14.498 0.006
4488.59503 14.493 0.006
4609.91743 14.483 0.006
4643.90154 14.474 0.006
4650.94042 14.470 0.006
4655.91983 14.469 0.006
4662.79821 14.456 0.006
4662.91503 14.459 0.006
4663.76980 14.464 0.006
4663.91765 14.458 0.006
4665.84291 14.459 0.006
4665.93674 14.459 0.006
4666.93588 14.462 0.006
4670.92500 14.465 0.006
4671.89492 14.471 0.006
4676.92519 14.479 0.006
4677.84080 14.477 0.006
4682.81523 14.484 0.006
4684.85309 14.477 0.006
4686.81308 14.468 0.006
4688.82904 14.478 0.006
4690.75464 14.483 0.006
4691.75767 14.483 0.006
4693.91264 14.484 0.006
4696.88632 14.494 0.006
4697.82483 14.487 0.006
4698.77439 14.484 0.006
4699.76852 14.481 0.006
4700.80323 14.478 0.006
4701.81114 14.479 0.006
4703.77036 14.476 0.006
4704.78910 14.475 0.006
4705.79660 14.478 0.006
4707.78899 14.470 0.006
4709.74481 14.473 0.006
4710.77338 14.462 0.006
4715.75334 14.462 0.006
4716.77905 14.460 0.006
4717.70510 14.460 0.006
4719.79393 14.458 0.006
4721.78677 14.455 0.006
4724.66933 14.457 0.006
4725.74880 14.465 0.006
4728.75439 14.457 0.006
4733.73096 14.456 0.006
4740.67253 14.472 0.006
4741.70791 14.473 0.006
4743.75648 14.473 0.006
4747.61211 14.491 0.006
4749.61179 14.490 0.006
4753.68276 14.489 0.006
4755.67478 14.491 0.006
4757.65927 14.489 0.006
4759.67397 14.485 0.006
4761.64235 14.482 0.006
4763.65960 14.491 0.006
4767.60052 14.485 0.006
4770.66906 14.483 0.006
4772.60680 14.469 0.006
4774.56136 14.461 0.006
4776.55297 14.466 0.006
4777.65491 14.458 0.006
4780.52361 14.455 0.006
4781.63756 14.446 0.006
4783.58669 14.453 0.006
4785.62207 14.459 0.006
4789.55318 14.456 0.006
4791.53470 14.471 0.006
4793.54212 14.465 0.006
4795.55482 14.468 0.006
4797.54708 14.471 0.006
4798.61042 14.478 0.006
4800.65780 14.477 0.006
4803.54891 14.475 0.006
4804.60400 14.485 0.006
4805.59086 14.481 0.006
4807.52867 14.497 0.006
4809.55802 14.491 0.006
4811.57992 14.493 0.006
4813.55685 14.500 0.006
4815.59277 14.497 0.006
4816.53985 14.501 0.006
4818.59012 14.497 0.006
4820.53162 14.493 0.006
4822.58838 14.485 0.006
4824.57320 14.479 0.006
4826.63284 14.466 0.006
4833.57228 14.452 0.006
4835.59549 14.446 0.006
4836.63561 14.456 0.006
4837.56251 14.453 0.006
4837.60646 14.441 0.006
4838.60656 14.444 0.006
4839.58508 14.444 0.006
4841.55724 14.442 0.006
4841.58281 14.444 0.006
4842.53474 14.442 0.006
4842.60683 14.447 0.006
4843.52893 14.433 0.006
4843.57704 14.444 0.006
4844.52683 14.448 0.006
4844.61721 14.443 0.006
4846.58616 14.448 0.006
4847.62249 14.450 0.006
4848.62240 14.451 0.006
4850.60987 14.455 0.006
4854.60110 14.459 0.006
4856.61834 14.448 0.006
4862.56626 14.461 0.006
4868.55663 14.458 0.006
4935.91263 14.442 0.006
4937.91334 14.438 0.006
4940.91475 14.455 0.006
4954.91770 14.474 0.006
